Accuracy: 0.9542857142857143
Precision: 0.7833333333333333
Recall: 0.94
F1 Score: 0.8545454545454545
AUC: 0.9483333333333333
Execution Time: 6853.19 seconds
