Accuracy: 0.9114285714285715
Precision: 0.8518518518518519
Recall: 0.46
F1 Score: 0.5974025974025974
AUC: 0.7233333333333334
Execution Time: 82.37 seconds
