Accuracy: 0.954
Precision: 0.5909090909090909
Recall: 0.26
F1 Score: 0.3611111111111111
AUC: 0.6252631578947369
Execution Time: 4924.93 seconds
