Accuracy: 0.967
Precision: 0.6103896103896104
Recall: 0.94
F1 Score: 0.7401574803149606
AUC: 0.9542105263157894
Execution Time: 5024.15 seconds
