Accuracy: 0.9228571428571428
Precision: 0.676923076923077
Recall: 0.88
F1 Score: 0.7652173913043478
AUC: 0.9049999999999999
Execution Time: 81.38 seconds
