Accuracy: 0.9542857142857143
Precision: 0.7931034482758621
Recall: 0.92
F1 Score: 0.8518518518518519
AUC: 0.94
Execution Time: 81.88 seconds
